4K seq baseline: 0.245942 0.239308 0.223237 0.215833 0.195415 0.236493 0.212673
4K seq traced:   0.194849 0.178072 0.191308 0.199103 0.187598 0.189822 0.192557
16K seq baseline: 0.622238 0.677227 0.640649 0.581711 0.655722 0.584294 0.600886
16K seq traced:   0.581263 0.580027 0.608254 0.544427 0.569562 0.588225 0.556929
64K seq baseline: 0.936251 1.036213 1.011091 1.200817 0.781538 1.046350 0.874873
64K seq traced:   1.102577 1.018262 0.948228 1.209936 0.964887 0.811103 0.748821
256K seq baseline: 2.602979 2.613693 2.595125 2.597950 2.602936 2.586182 2.602528
256K seq traced:   2.559294 2.555984 2.545208 2.548165 2.562653 2.566097 2.539695
1M seq baseline: 2.908870 2.912548 2.907223 2.909078 2.902866 2.909048 2.911211
1M seq traced:   2.908917 2.908036 2.908536 2.911996 2.936324 2.952544 2.908007
4M seq baseline: 2.945283 2.948633 2.934473 2.951041 2.945410 2.939696 2.951124
4M seq traced:   2.934806 2.946348 2.939027 2.945227 2.944014 2.944032 2.944843
